9781835081167
0134173279
9785977520966
9781805125105 
9785937003
9785907144521
9785907144538
9785446115
9798868808814 
9798868817694
9781098171
9781449355739
9781449355739
9781449355739 
9781098171
9781803244808 
9781803235424 
9781098175702
9798865196815
9781837637553 
9785171602529 
9785446108039
9785446119561 
9785907592612
9781491919538 
9785041031992 
9785446129683
9785446114320
9785977517997 
9785171621988 
9785406097656
9785907592551
9785446121458
9781801077
9785496020886 
9785446129669
9785446120574
9785446114689
9785977539944
9785496030236
9786011245944
9785970609231
9785446119639
9781098104
9785446118007
9785446117697
9785937001108